---for 256 0s and comparision between original and cipher---
--the bit difference---
1	2	5	7	8	10	11	14	15	18	19	20	21	23	26	27	28	29	30	32	34	35	37	39	40	41	44	50	54	55	58	59	62	63	65	66	68	69	76	79	81	82	85	86	88	89	90	91	92	95	96	98	100	101	102	104	108	109	111	112	113	115	118	119	122	127	129	130	132	133	135	137	140	141	142	145	146	149	150	152	154	155	158	173	174	175	176	181	182	184	192	193	194	196	197	198	202	203	204	205	209	210	215	218	220	221	224	225	228	231	232	234	235	240	241	242	245	246	247	248	249	250	252	253	254	255	
total: 126

---for 255 0s and one 1 and comparision between original and cipher---
--the bit difference---
1	2	5	7	8	10	11	14	15	18	19	20	21	23	26	27	28	29	30	32	34	35	37	39	40	41	44	50	54	55	58	59	62	63	65	66	68	69	76	79	81	82	85	86	88	89	90	91	92	95	96	98	100	101	102	104	108	109	111	112	113	115	118	119	122	127	128	129	131	132	140	141	142	143	146	147	148	149	153	154	155	157	159	162	163	164	165	169	170	171	175	179	180	181	183	184	185	188	190	192	193	194	196	197	198	202	203	204	205	209	210	215	218	220	221	224	225	228	231	232	234	235	240	241	242	245	246	247	248	249	250	252	253	254	255	
total: 135

---for 255 0s and one 1 and comparision between original and with 256 0s (1 bit change in the plaintext)---
--the bit difference---
128	130	131	133	135	137	143	145	147	148	150	152	153	157	158	159	162	163	164	165	169	170	171	173	174	176	179	180	182	183	185	188	190	
total: 33

---for 254 0s and two 1s and comparision between original and cipher---
--the bit difference---
1	2	5	7	8	10	11	14	15	18	19	20	21	23	26	27	28	29	30	32	34	35	37	39	40	41	44	50	54	55	58	59	62	63	65	66	68	69	76	79	81	82	85	86	88	89	90	91	92	95	96	98	100	101	102	104	108	109	111	112	113	115	118	119	122	127	129	130	132	134	136	137	138	139	140	141	142	143	144	148	149	150	152	153	155	158	159	161	162	163	168	169	170	171	172	173	174	175	176	177	179	180	182	184	186	187	189	190	192	193	194	196	197	198	202	203	204	205	209	210	215	218	220	221	224	225	228	231	232	234	235	240	241	242	245	246	247	248	249	250	252	253	254	255	
total: 144

---for 254 0s and two 1s and comparision between original and with 255 0s and one 1 (1 bit change in the plaintext)---
--the bit difference---
128	130	131	134	136	137	138	139	144	146	147	150	152	154	157	158	161	164	165	168	172	173	174	176	177	181	182	183	185	186	187	188	189	
total: 33

---for 254 0s and two 1s and comparision between original and with 256 0s (2 bits change in the plaintext)---
--the bit difference---
133	134	135	136	138	139	143	144	145	146	148	153	154	159	161	162	163	168	169	170	171	172	177	179	180	181	186	187	189	190	
total: 30
